65532
65533
65534
65535
65532
65533
65534
65535
65532
65533
65534
65535
65532
65533
65534
65535
65532
65533
65534
65535
65532
65533
65534
65535
65532
65533
65534
65535
65532
65533
65534
65535
65532
65533
65534
65535
65532
65533
65534
65535
65532
65533
65534
65535
65532
65533
65534
65535
65532
65533
65534
65535
65532
65533
65534
65535
65532
65533
65534
65535
65532
65533
65534
65535
65532
65533
65534
65535
65532
65533
65534
65535
65532
65533
65534
65535
65532
65533
65534
65535
65532
65533
65534
65535
65532
65533
65534
65535
65532
65533
65534
65535
65532
65533
65534
65535
65532
65533
65534
65535
