26200
1172
40244
14664
1864
33672
48008
25924
54788
7880
35948
49064
34228
10816
5456
20012
36532
16060
30228
20168
62032
58872
32364
18664
60308
58212
23396
23948
1776
47840
43856
400
44236
30128
5268
18956
37460
5532
55784
52680
19744
53260
41896
53936
17692
57508
62300
18872
45300
23072
27796
26772
58444
42208
52748
15360
68
41856
53292
54112
17328
5784
7996
10016
13440
40112
484
23260
64948
14992
22732
29312
38656
1544
57168
29280
19476
59644
39104
4
38820
33192
9932
58520
4072
7864
44624
5036
6752
26396
20044
38664
39088
25412
48764
29756
27588
27448
51812
28344
18024
2992
41584
50192
3632
61924
39308
22400
54112
11872
64072
30868
6224
5716
51560
33432
21220
57308
56484
57972
1780
15960
444
47424
40464
13304
46356
22224
27916
28436
19188
60596
27820
38648
30388
7544
62128
54060
3296
42348
43108
42036
61324
51128
64052
9080
14056
49488
19024
22552
3784
55100
20684
29432
12072
5700
51528
31264
60060
30856
48584
1824
13284
42452
9248
34568
17744
51080
16340
14052
64104
29760
58124
14500
52488
64384
32764
27004
53960
23480
35448
27888
3144
64072
27084
55232
9640
49040
23324
42004
28056
23040
36596
32704
6864
49552
24524
39540
13444
6572
26436
55344
48332
3484
23648
32184
49176
38260
25832
19504
39116
7888
48140
28496
30164
46844
51608
36432
43668
9192
22224
45076
21232
44268
28700
24824
47140
45548
44676
25980
18524
28380
44120
10900
6212
6832
37816
24004
31852
17704
8016
8336
43144
53504
55420
6080
27664
16156
12960
14708
25836
65228
25436
4288
47652
25644
14544
39024
15456
15296
20660
35088
61656
21036
12936
4712
30788
24400
59248
23680
20640
40200
5676
15928
17540
65376
13252
2624
36508
21828
7536
23248
64544
43812
51540
35008
63252
1824
22348
28644
28888
27364
47580
22956
32764
59428
16656
22344
39880
10532
37844
59416
15680
37836
36624
46732
64048
36936
51320
11380
60216
10344
46160
61056
53600
24564
36316
36096
8040
14852
23984
45408
38240
34316
19240
5436
36032
32468
36772
38004
33684
60436
5496
55768
6348
26728
49708
15744
44872
31100
7404
54636
20144
10084
32212
856
48444
5584
28276
20208
20988
61432
34564
40348
23752
41168
3952
21220
37452
60964
65232
4304
55164
51440
10660
60624
4992
12808
25388
7332
23924
16524
57200
41228
25140
7248
9916
56360
35432
37992
36052
12212
57380
20048
24468
16200
26168
33092
19816
4340
54044
50180
15544
7464
57264
26180
57328
62696
19540
23076
60088
9188
65300
51272
21300
52092
60152
46948
42000
25084
59716
40048
60412
51956
37272
16280
6008
53544
38964
13216
45644
47540
18460
14708
22692
54300
49916
56260
45972
21304
42224
51240
1068
24956
64160
27044
38540
6928
37620
51856
19732
11688
30788
59556
9628
4364
3924
5900
57896
41140
56068
53424
21360
49420
32844
22392
18472
37956
56876
25936
14052
35176
51268
50124
8596
52472
64996
63176
24464
9180
39676
48460
5104
3568
42912
6108
42056
60916
47312
54984
54584
26024
41888
48428
19204
7404
26460
36772
53524
46132
30548
5328
10892
65360
8764
59960
26184
54452
56624
46136
30620
20100
33936
37864
51680
19072
41784
59208
18268
20296
32644
19592
36196
23472
60964
48084
12680
12404
18844
6468
53472
38724
47096
12932
33904
13272
61068
32996
43416
24600
3000
7844
1880
9004
35356
37536
764
53108
57948
51612
11340
19872
34172
39676
180
19944
1960
52000
30876
440
44772
13568
38144
45524
35508
48212
13388
33344
61060
65520
58388
16276
58208
36068
37964
19284
8416
46200
40108
17424
39124
38572
31164
19580
14096
41592
42852
16172
51200
18016
45156
16988
25360
7112
7212
50472
38800
63288
3872
28688
24556
61780
11128
5580
44236
55688
41268
61044
43160
51208
5192
15228
42468
36688
4444
62588
37508
1228
27080
49328
50364
2856
31876
14372
18004
24724
25356
12844
5700
65164
22272
31256
12320
14064
63240
52640
60756
19740
36160
31876
7220
58752
29368
54948
16056
3668
27704
11856
10672
2112
49836
56960
45000
29212
32872
2880
7940
50892
41440
37788
28392
18188
59412
62832
13960
60524
9388
1728
17944
4584
50328
17904
51568
18332
7244
13032
46036
50836
8504
780
6856
4592
39740
17252
38428
44544
36752
2288
43636
23436
29832
62124
31080
48564
15172
34132
8292
23588
50076
41792
2008
11208
30352
33948
14000
56684
55024
46088
28408
43460
45120
23292
21900
1384
23916
27240
38616
44884
57140
27312
11036
53684
29308
50168
48756
45152
34240
10788
34260
57992
22688
16944
44588
46520
43792
17808
5480
39820
32712
48344
44528
65148
17352
40044
20560
54160
44440
32568
34308
61556
34880
55728
36804
24380
39160
56912
18784
6960
57080
13744
65320
8688
28652
1148
15884
48824
28888
32492
11404
28192
50268
15484
59096
34108
32848
8820
40132
54360
50976
50536
45224
50568
35036
616
42104
36840
40016
2824
63016
15304
32812
7212
60672
44948
53660
45052
54256
32804
34188
59628
14344
52472
3880
18704
5212
37368
54116
16504
50628
61212
55748
7972
20300
63436
8720
21488
60792
4812
51088
65216
48232
36196
59316
35632
3988
11924
57852
36292
13884
26788
9732
15440
42092
50984
58424
30420
18368
43256
57876
29152
62360
61944
38120
34928
18384
46968
31728
38644
41668
25704
2508
10604
35832
59680
8124
5836
25284
18976
57044
3308
56952
35096
3284
12476
25820
42304
208
12680
58960
57884
43464
53220
40208
25272
6040
12788
44512
60920
4536
23020
18708
30704
4068
38032
23220
19192
54400
6644
33260
3720
21624
16024
42912
31208
15236
32656
59176
45012
652
52992
60072
41868
25360
18504
49144
20008
20888
53768
25272
23632
892
58216
7160
24396
59760
46972
3320
7632
3896
17092
58348
6676
47480
44464
49708
500
39540
61296
41400
27236
2444
64696
13508
54980
53540
15500
41876
7160
61272
40336
608
22352
20804
39904
39032
65360
54232
11836
7964
64424
24148
5360
45032
53908
24328
636
40992
61348
12516
44156
34864
40960
56880
26228
60072
47596
54992
48544
32336
12796
6068
24432
8340
20212
23180
51212
38388
57644
8488
372
15936
23164
31344
56400
45252
15676
3004
11960
25112
27440
21492
11504
30804
48428
31384
47448
11648
42720
33248
53032
33440
38256
10736
53964
47272
11876
39432
16880
49496
27420
